% Optimal tour length 43740
     0   512
     6   504
     6   520
    16   488
    16   504
    16   520
    22   480
    22   496
    22   512
    32   480
    32   496
    32   512
    32   528
    32   560
    38   488
    38   504
    38   520
    38   536
    38   552
    38   568
    48   504
    48   536
    48   552
    48   568
    54   496
    54   544
    54   560
    64   416
    64   480
    64   496
    64   544
    64   560
    70   408
    70   424
    70   472
    70   488
    70   504
    70   536
    70   552
    70   568
    80   392
    80   408
    80   424
    80   456
    80   472
    80   488
    80   504
    80   520
    80   536
    80   552
    80   568
    86   384
    86   400
    86   416
    86   448
    86   464
    86   496
    86   512
    86   528
    86   560
    96   384
    96   400
    96   416
    96   432
    96   448
    96   512
    96   528
   102   392
   102   408
   102   424
   102   440
   102   456
   102   520
   102   536
   112   408
   112   440
   112   456
   112   536
   118   400
   118   448
   118   528
   128   400
   128   448
   128   528
   128   576
   128   704
   134   408
   134   440
   134   456
   134   536
   134   568
   134   584
   134   696
   134   712
   144   392
   144   408
   144   424
   144   440
   144   456
   144   520
   144   536
   144   552
   144   568
   144   584
   144   680
   144   696
   144   712
   150   384
   150   400
   150   416
   150   432
   150   448
   150   512
   150   528
   150   544
   150   560
   150   576
   150   672
   150   688
   150   704
   160   384
   160   400
   160   416
   160   448
   160   464
   160   496
   160   512
   160   528
   160   544
   160   576
   160   592
   160   624
   160   672
   160   688
   160   704
   160   720
   160   752
   166   392
   166   408
   166   424
   166   456
   166   472
   166   488
   166   504
   166   520
   166   536
   166   552
   166   584
   166   600
   166   616
   166   632
   166   680
   166   696
   166   712
   166   728
   166   744
   166   760
   176   408
   176   424
   176   472
   176   488
   176   504
   176   536
   176   552
   176   600
   176   616
   176   632
   176   696
   176   728
   176   744
   176   760
   182   416
   182   480
   182   496
   182   544
   182   608
   182   624
   182   688
   182   736
   182   752
   192   480
   192   496
   192   624
   192   672
   192   688
   192   736
   192   752
   198   472
   198   488
   198   504
   198   632
   198   664
   198   680
   198   696
   198   728
   198   744
   198   760
   208   456
   208   472
   208   488
   208   504
   208   616
   208   632
   208   648
   208   664
   208   680
   208   696
   208   712
   208   728
   208   744
   208   760
   214   448
   214   464
   214   496
   214   608
   214   624
   214   640
   214   656
   214   688
   214   704
   214   720
   214   752
   224   448
   224   464
   224   608
   224   624
   224   640
   224   704
   224   720
   230   456
   230   472
   230   616
   230   632
   230   648
   230   712
   230   728
   240   472
   240   632
   240   648
   240   728
   246   464
   246   640
   246   720
   256   128
   256   384
   256   464
   256   640
   256   720
   262   120
   262   136
   262   376
   262   392
   262   472
   262   632
   262   648
   262   728
   272   104
   272   120
   272   136
   272   360
   272   376
   272   392
   272   456
   272   472
   272   616
   272   632
   272   648
   272   712
   272   728
   278    96
   278   112
   278   128
   278   352
   278   368
   278   384
   278   448
   278   464
   278   608
   278   624
   278   640
   278   704
   278   720
   288    96
   288   112
   288   128
   288   144
   288   176
   288   352
   288   368
   288   384
   288   400
   288   432
   288   448
   288   464
   288   496
   288   608
   288   624
   288   640
   288   656
   288   688
   288   704
   288   720
   288   752
   294   104
   294   120
   294   136
   294   152
   294   168
   294   184
   294   360
   294   376
   294   392
   294   408
   294   424
   294   440
   294   456
   294   472
   294   488
   294   504
   294   616
   294   632
   294   648
   294   664
   294   680
   294   696
   294   712
   294   728
   294   744
   294   760
   304   120
   304   152
   304   168
   304   184
   304   376
   304   408
   304   424
   304   440
   304   472
   304   488
   304   504
   304   632
   304   664
   304   680
   304   696
   304   728
   304   744
   304   760
   310   112
   310   160
   310   176
   310   368
   310   416
   310   432
   310   480
   310   496
   310   624
   310   672
   310   688
   310   736
   310   752
   320    32
   320    96
   320   112
   320   160
   320   176
   320   288
   320   352
   320   368
   320   432
   320   480
   320   496
   320   544
   320   608
   320   624
   320   688
   320   736
   320   752
   326    24
   326    40
   326    88
   326   104
   326   120
   326   152
   326   168
   326   184
   326   280
   326   296
   326   344
   326   360
   326   376
   326   440
   326   472
   326   488
   326   504
   326   536
   326   552
   326   600
   326   616
   326   632
   326   696
   326   728
   326   744
   326   760
   336     8
   336    24
   336    40
   336    72
   336    88
   336   104
   336   120
   336   136
   336   152
   336   168
   336   184
   336   264
   336   280
   336   296
   336   328
   336   344
   336   360
   336   376
   336   424
   336   440
   336   456
   336   472
   336   488
   336   504
   336   520
   336   536
   336   552
   336   584
   336   600
   336   616
   336   632
   336   680
   336   696
   336   712
   336   728
   336   744
   336   760
   342     0
   342    16
   342    32
   342    64
   342    80
   342   112
   342   128
   342   144
   342   176
   342   256
   342   272
   342   288
   342   320
   342   336
   342   368
   342   416
   342   432
   342   448
   342   464
   342   496
   342   512
   342   528
   342   544
   342   576
   342   592
   342   624
   342   672
   342   688
   342   704
   342   720
   342   752
   352     0
   352    16
   352    32
   352    48
   352    64
   352   128
   352   144
   352   256
   352   272
   352   288
   352   304
   352   320
   352   416
   352   432
   352   448
   352   512
   352   528
   352   544
   352   560
   352   576
   352   672
   352   688
   352   704
   358     8
   358    24
   358    40
   358    56
   358    72
   358   136
   358   152
   358   264
   358   280
   358   296
   358   312
   358   328
   358   424
   358   440
   358   456
   358   520
   358   536
   358   552
   358   568
   358   584
   358   680
   358   696
   358   712
   368    24
   368    56
   368    72
   368   152
   368   280
   368   312
   368   328
   368   440
   368   456
   368   536
   368   568
   368   584
   368   696
   368   712
   374    16
   374    64
   374   144
   374   272
   374   320
   374   448
   374   528
   374   576
   374   704
   384    16
   384    64
   384   144
   384   192
   384   272
   384   528
   384   576
   390    24
   390    56
   390    72
   390   152
   390   184
   390   200
   390   280
   390   536
   390   568
   390   584
   400     8
   400    24
   400    40
   400    56
   400    72
   400   136
   400   152
   400   168
   400   184
   400   200
   400   264
   400   280
   400   520
   400   536
   400   552
   400   568
   400   584
   406     0
   406    16
   406    32
   406    48
   406    64
   406   128
   406   144
   406   160
   406   176
   406   192
   406   256
   406   272
   406   512
   406   528
   406   544
   406   560
   406   576
   416     0
   416    16
   416    32
   416    64
   416    80
   416   112
   416   128
   416   144
   416   160
   416   192
   416   208
   416   240
   416   256
   416   272
   416   304
   416   512
   416   528
   416   544
   416   576
   416   592
   416   624
   422     8
   422    24
   422    40
   422    72
   422    88
   422   104
   422   120
   422   136
   422   152
   422   168
   422   200
   422   216
   422   232
   422   248
   422   264
   422   280
   422   296
   422   312
   422   520
   422   536
   422   552
   422   584
   422   600
   422   616
   422   632
   432    24
   432    40
   432    88
   432   104
   432   120
   432   152
   432   168
   432   216
   432   232
   432   248
   432   280
   432   296
   432   312
   432   536
   432   552
   432   600
   432   616
   432   632
   438    32
   438    96
   438   112
   438   160
   438   224
   438   240
   438   288
   438   304
   438   544
   438   608
   438   624
   448    96
   448   112
   448   240
   448   288
   448   304
   448   608
   448   624
   454    88
   454   104
   454   120
   454   248
   454   280
   454   296
   454   312
   454   600
   454   616
   454   632
   464    72
   464    88
   464   104
   464   120
   464   232
   464   248
   464   264
   464   280
   464   296
   464   312
   464   584
   464   600
   464   616
   464   632
   470    64
   470    80
   470   112
   470   224
   470   240
   470   256
   470   272
   470   304
   470   576
   470   592
   470   624
   480    64
   480    80
   480   224
   480   240
   480   256
   480   576
   480   592
   486    72
   486    88
   486   232
   486   248
   486   264
   486   584
   486   600
   496    88
   496   248
   496   264
   496   600
   502    80
   502   256
   502   592
   512    80
   512   256
   512   592
   512   768
   512  1280
   518    88
   518   248
   518   264
   518   600
   518   760
   518   776
   518  1272
   518  1288
   528    72
   528    88
   528   232
   528   248
   528   264
   528   584
   528   600
   528   744
   528   760
   528   776
   528  1256
   528  1272
   528  1288
   534    64
   534    80
   534   224
   534   240
   534   256
   534   576
   534   592
   534   736
   534   752
   534   768
   534  1248
   534  1264
   534  1280
   544    64
   544    80
   544   112
   544   224
   544   240
   544   256
   544   272
   544   304
   544   576
   544   592
   544   624
   544   736
   544   752
   544   768
   544   784
   544   816
   544  1248
   544  1264
   544  1280
   544  1296
   544  1328
   550    72
   550    88
   550   104
   550   120
   550   232
   550   248
   550   264
   550   280
   550   296
   550   312
   550   584
   550   600
   550   616
   550   632
   550   744
   550   760
   550   776
   550   792
   550   808
   550   824
   550  1256
   550  1272
   550  1288
   550  1304
   550  1320
   550  1336
   560    88
   560   104
   560   120
   560   248
   560   280
   560   296
   560   312
   560   600
   560   616
   560   632
   560   760
   560   792
   560   808
   560   824
   560  1272
   560  1304
   560  1320
   560  1336
   566    96
   566   112
   566   240
   566   288
   566   304
   566   608
   566   624
   566   752
   566   800
   566   816
   566  1264
   566  1312
   566  1328
   576    32
   576    96
   576   112
   576   160
   576   224
   576   240
   576   288
   576   304
   576   544
   576   608
   576   624
   576   672
   576   736
   576   752
   576   800
   576   816
   576  1184
   576  1248
   576  1264
   576  1312
   576  1328
   582    24
   582    40
   582    88
   582   104
   582   120
   582   152
   582   168
   582   216
   582   232
   582   248
   582   280
   582   296
   582   312
   582   536
   582   552
   582   600
   582   616
   582   632
   582   664
   582   680
   582   728
   582   744
   582   760
   582   792
   582   808
   582   824
   582  1176
   582  1192
   582  1240
   582  1256
   582  1272
   582  1304
   582  1320
   582  1336
   592     8
   592    24
   592    40
   592    72
   592    88
   592   104
   592   120
   592   136
   592   152
   592   168
   592   200
   592   216
   592   232
   592   248
   592   264
   592   280
   592   296
   592   312
   592   520
   592   536
   592   552
   592   584
   592   600
   592   616
   592   632
   592   648
   592   664
   592   680
   592   712
   592   728
   592   744
   592   760
   592   776
   592   792
   592   808
   592   824
   592  1160
   592  1176
   592  1192
   592  1224
   592  1240
   592  1256
   592  1272
   592  1288
   592  1304
   592  1320
   592  1336
   598     0
   598    16
   598    32
   598    64
   598    80
   598   112
   598   128
   598   144
   598   160
   598   192
   598   208
   598   240
   598   256
   598   272
   598   304
   598   512
   598   528
   598   544
   598   576
   598   592
   598   624
   598   640
   598   656
   598   672
   598   704
   598   720
   598   752
   598   768
   598   784
   598   816
   598  1152
   598  1168
   598  1184
   598  1216
   598  1232
   598  1264
   598  1280
   598  1296
   598  1328
   608     0
   608    16
   608    32
   608    48
   608    64
   608   128
   608   144
   608   160
   608   176
   608   192
   608   256
   608   272
   608   512
   608   528
   608   544
   608   560
   608   576
   608   640
   608   656
   608   672
   608   688
   608   704
   608   768
   608   784
   608  1152
   608  1168
   608  1184
   608  1200
   608  1216
   608  1280
   608  1296
   614     8
   614    24
   614    40
   614    56
   614    72
   614   136
   614   152
   614   168
   614   184
   614   200
   614   264
   614   280
   614   520
   614   536
   614   552
   614   568
   614   584
   614   648
   614   664
   614   680
   614   696
   614   712
   614   776
   614   792
   614  1160
   614  1176
   614  1192
   614  1208
   614  1224
   614  1288
   614  1304
   624    24
   624    56
   624    72
   624   152
   624   184
   624   200
   624   280
   624   536
   624   568
   624   584
   624   664
   624   696
   624   712
   624   792
   624  1176
   624  1208
   624  1224
   624  1304
   630    16
   630    64
   630   144
   630   192
   630   272
   630   528
   630   576
   630   656
   630   704
   630   784
   630  1168
   630  1216
   630  1296
   640    16
   640    64
   640   144
   640   272
   640   320
   640   448
   640   528
   640   576
   640   656
   640   784
   640   832
   640   960
   640  1168
   640  1216
   640  1296
   640  1344
   640  1472
   646    24
   646    56
   646    72
   646   152
   646   280
   646   312
   646   328
   646   440
   646   456
   646   536
   646   568
   646   584
   646   664
   646   792
   646   824
   646   840
   646   952
   646   968
   646  1176
   646  1208
   646  1224
   646  1304
   646  1336
   646  1352
   646  1464
   646  1480
   656     8
   656    24
   656    40
   656    56
   656    72
   656   136
   656   152
   656   264
   656   280
   656   296
   656   312
   656   328
   656   424
   656   440
   656   456
   656   520
   656   536
   656   552
   656   568
   656   584
   656   648
   656   664
   656   776
   656   792
   656   808
   656   824
   656   840
   656   936
   656   952
   656   968
   656  1160
   656  1176
   656  1192
   656  1208
   656  1224
   656  1288
   656  1304
   656  1320
   656  1336
   656  1352
   656  1448
   656  1464
   656  1480
   662     0
   662    16
   662    32
   662    48
   662    64
   662   128
   662   144
   662   256
   662   272
   662   288
   662   304
   662   320
   662   416
   662   432
   662   448
   662   512
   662   528
   662   544
   662   560
   662   576
   662   640
   662   656
   662   768
   662   784
   662   800
   662   816
   662   832
   662   928
   662   944
   662   960
   662  1152
   662  1168
   662  1184
   662  1200
   662  1216
   662  1280
   662  1296
   662  1312
   662  1328
   662  1344
   662  1440
   662  1456
   662  1472
   672     0
   672    16
   672    32
   672    64
   672    80
   672   112
   672   128
   672   144
   672   176
   672   256
   672   272
   672   288
   672   320
   672   336
   672   368
   672   416
   672   432
   672   448
   672   464
   672   496
   672   512
   672   528
   672   544
   672   576
   672   592
   672   624
   672   640
   672   656
   672   688
   672   768
   672   784
   672   800
   672   832
   672   848
   672   880
   672   928
   672   944
   672   960
   672   976
   672  1008
   672  1152
   672  1168
   672  1184
   672  1216
   672  1232
   672  1264
   672  1280
   672  1296
   672  1312
   672  1344
   672  1360
   672  1392
   672  1440
   672  1456
   672  1472
   672  1488
   672  1520
   678     8
   678    24
   678    40
   678    72
   678    88
   678   104
   678   120
   678   136
   678   152
   678   168
   678   184
   678   264
   678   280
   678   296
   678   328
   678   344
   678   360
   678   376
   678   424
   678   440
   678   456
   678   472
   678   488
   678   504
   678   520
   678   536
   678   552
   678   584
   678   600
   678   616
   678   632
   678   648
   678   664
   678   680
   678   696
   678   776
   678   792
   678   808
   678   840
   678   856
   678   872
   678   888
   678   936
   678   952
   678   968
   678   984
   678  1000
   678  1016
   678  1160
   678  1176
   678  1192
   678  1224
   678  1240
   678  1256
   678  1272
   678  1288
   678  1304
   678  1320
   678  1352
   678  1368
   678  1384
   678  1400
   678  1448
   678  1464
   678  1480
   678  1496
   678  1512
   678  1528
   688    24
   688    40
   688    88
   688   104
   688   120
   688   152
   688   168
   688   184
   688   280
   688   296
   688   344
   688   360
   688   376
   688   440
   688   472
   688   488
   688   504
   688   536
   688   552
   688   600
   688   616
   688   632
   688   664
   688   680
   688   696
   688   792
   688   808
   688   856
   688   872
   688   888
   688   952
   688   984
   688  1000
   688  1016
   688  1176
   688  1192
   688  1240
   688  1256
   688  1272
   688  1304
   688  1320
   688  1368
   688  1384
   688  1400
   688  1464
   688  1496
   688  1512
   688  1528
   694    32
   694    96
   694   112
   694   160
   694   176
   694   288
   694   352
   694   368
   694   432
   694   480
   694   496
   694   544
   694   608
   694   624
   694   672
   694   688
   694   800
   694   864
   694   880
   694   944
   694   992
   694  1008
   694  1184
   694  1248
   694  1264
   694  1312
   694  1376
   694  1392
   694  1456
   694  1504
   694  1520
   704   112
   704   160
   704   176
   704   368
   704   416
   704   432
   704   480
   704   496
   704   624
   704   672
   704   688
   704   880
   704   928
   704   944
   704   992
   704  1008
   704  1248
   704  1264
   704  1392
   704  1440
   704  1456
   704  1504
   704  1520
   710   120
   710   152
   710   168
   710   184
   710   376
   710   408
   710   424
   710   440
   710   472
   710   488
   710   504
   710   632
   710   664
   710   680
   710   696
   710   888
   710   920
   710   936
   710   952
   710   984
   710  1000
   710  1016
   710  1240
   710  1256
   710  1272
   710  1400
   710  1432
   710  1448
   710  1464
   710  1496
   710  1512
   710  1528
   720   104
   720   120
   720   136
   720   152
   720   168
   720   184
   720   360
   720   376
   720   392
   720   408
   720   424
   720   440
   720   456
   720   472
   720   488
   720   504
   720   616
   720   632
   720   648
   720   664
   720   680
   720   696
   720   872
   720   888
   720   904
   720   920
   720   936
   720   952
   720   968
   720   984
   720  1000
   720  1016
   720  1224
   720  1240
   720  1256
   720  1272
   720  1384
   720  1400
   720  1416
   720  1432
   720  1448
   720  1464
   720  1480
   720  1496
   720  1512
   720  1528
   726    96
   726   112
   726   128
   726   144
   726   176
   726   352
   726   368
   726   384
   726   400
   726   432
   726   448
   726   464
   726   496
   726   608
   726   624
   726   640
   726   656
   726   688
   726   864
   726   880
   726   896
   726   912
   726   944
   726   960
   726   976
   726  1008
   726  1216
   726  1232
   726  1264
   726  1376
   726  1392
   726  1408
   726  1424
   726  1456
   726  1472
   726  1488
   726  1520
   736    96
   736   112
   736   128
   736   352
   736   368
   736   384
   736   448
   736   464
   736   608
   736   624
   736   640
   736   864
   736   880
   736   896
   736   960
   736   976
   736  1216
   736  1232
   736  1376
   736  1392
   736  1408
   736  1472
   736  1488
   742   104
   742   120
   742   136
   742   360
   742   376
   742   392
   742   456
   742   472
   742   616
   742   632
   742   648
   742   872
   742   888
   742   904
   742   968
   742   984
   742  1224
   742  1240
   742  1384
   742  1400
   742  1416
   742  1480
   742  1496
   752   120
   752   136
   752   376
   752   392
   752   472
   752   632
   752   648
   752   888
   752   904
   752   984
   752  1240
   752  1400
   752  1416
   752  1496
   758   128
   758   384
   758   464
   758   640
   758   896
   758   976
   758  1232
   758  1408
   758  1488
   768   384
   768   464
   768   976
   768  1152
   768  1232
   768  1408
   768  1488
   774   376
   774   392
   774   472
   774   984
   774  1144
   774  1160
   774  1240
   774  1400
   774  1416
   774  1496
   784   360
   784   376
   784   392
   784   456
   784   472
   784   968
   784   984
   784  1128
   784  1144
   784  1160
   784  1224
   784  1240
   784  1384
   784  1400
   784  1416
   784  1480
   784  1496
   790   352
   790   368
   790   384
   790   448
   790   464
   790   960
   790   976
   790  1120
   790  1136
   790  1152
   790  1216
   790  1232
   790  1376
   790  1392
   790  1408
   790  1472
   790  1488
   800   352
   800   368
   800   384
   800   400
   800   432
   800   448
   800   464
   800   496
   800   960
   800   976
   800  1008
   800  1120
   800  1136
   800  1152
   800  1168
   800  1200
   800  1216
   800  1232
   800  1264
   800  1376
   800  1392
   800  1408
   800  1424
   800  1456
   800  1472
   800  1488
   800  1520
   806   360
   806   376
   806   392
   806   408
   806   424
   806   440
   806   456
   806   472
   806   488
   806   504
   806   968
   806   984
   806  1000
   806  1016
   806  1128
   806  1144
   806  1160
   806  1176
   806  1192
   806  1208
   806  1224
   806  1240
   806  1256
   806  1272
   806  1384
   806  1400
   806  1416
   806  1432
   806  1448
   806  1464
   806  1480
   806  1496
   806  1512
   806  1528
   816   376
   816   408
   816   424
   816   440
   816   472
   816   488
   816   504
   816   984
   816  1000
   816  1016
   816  1144
   816  1176
   816  1192
   816  1208
   816  1240
   816  1256
   816  1272
   816  1400
   816  1432
   816  1448
   816  1464
   816  1496
   816  1512
   816  1528
   822   368
   822   416
   822   432
   822   480
   822   496
   822   992
   822  1008
   822  1136
   822  1184
   822  1200
   822  1248
   822  1264
   822  1392
   822  1440
   822  1456
   822  1504
   822  1520
   832   288
   832   352
   832   368
   832   432
   832   480
   832   496
   832   928
   832   992
   832  1008
   832  1056
   832  1120
   832  1136
   832  1200
   832  1248
   832  1264
   832  1312
   832  1376
   832  1392
   832  1456
   832  1504
   832  1520
   838   280
   838   296
   838   344
   838   360
   838   376
   838   440
   838   472
   838   488
   838   504
   838   920
   838   936
   838   984
   838  1000
   838  1016
   838  1048
   838  1064
   838  1112
   838  1128
   838  1144
   838  1208
   838  1240
   838  1256
   838  1272
   838  1304
   838  1320
   838  1368
   838  1384
   838  1400
   838  1464
   838  1496
   838  1512
   838  1528
   848   264
   848   280
   848   296
   848   328
   848   344
   848   360
   848   376
   848   424
   848   440
   848   456
   848   472
   848   488
   848   504
   848   904
   848   920
   848   936
   848   968
   848   984
   848  1000
   848  1016
   848  1032
   848  1048
   848  1064
   848  1096
   848  1112
   848  1128
   848  1144
   848  1192
   848  1208
   848  1224
   848  1240
   848  1256
   848  1272
   848  1288
   848  1304
   848  1320
   848  1352
   848  1368
   848  1384
   848  1400
   848  1448
   848  1464
   848  1480
   848  1496
   848  1512
   848  1528
   854   256
   854   272
   854   288
   854   320
   854   336
   854   368
   854   416
   854   432
   854   448
   854   464
   854   496
   854   896
   854   912
   854   928
   854   960
   854   976
   854  1008
   854  1024
   854  1040
   854  1056
   854  1088
   854  1104
   854  1136
   854  1184
   854  1200
   854  1216
   854  1232
   854  1264
   854  1280
   854  1296
   854  1312
   854  1344
   854  1360
   854  1392
   854  1440
   854  1456
   854  1472
   854  1488
   854  1520
   864   256
   864   272
   864   288
   864   304
   864   320
   864   416
   864   432
   864   448
   864   896
   864   912
   864   928
   864   944
   864   960
   864  1024
   864  1040
   864  1056
   864  1072
   864  1088
   864  1184
   864  1200
   864  1216
   864  1280
   864  1296
   864  1312
   864  1328
   864  1344
   864  1440
   864  1456
   864  1472
   870   264
   870   280
   870   296
   870   312
   870   328
   870   424
   870   440
   870   456
   870   904
   870   920
   870   936
   870   952
   870   968
   870  1032
   870  1048
   870  1064
   870  1080
   870  1096
   870  1192
   870  1208
   870  1224
   870  1288
   870  1304
   870  1320
   870  1336
   870  1352
   870  1448
   870  1464
   870  1480
   880   280
   880   312
   880   328
   880   440
   880   456
   880   920
   880   952
   880   968
   880  1048
   880  1080
   880  1096
   880  1208
   880  1224
   880  1304
   880  1336
   880  1352
   880  1464
   880  1480
   886   272
   886   320
   886   448
   886   912
   886   960
   886  1040
   886  1088
   886  1216
   886  1296
   886  1344
   886  1472
   896   272
   896   320
   896   912
   896   960
   896  1040
   896  1296
   896  1344
   902   280
   902   312
   902   328
   902   920
   902   952
   902   968
   902  1048
   902  1304
   902  1336
   902  1352
   912   264
   912   280
   912   296
   912   312
   912   328
   912   904
   912   920
   912   936
   912   952
   912   968
   912  1032
   912  1048
   912  1288
   912  1304
   912  1320
   912  1336
   912  1352
   918   256
   918   272
   918   288
   918   304
   918   320
   918   896
   918   912
   918   928
   918   944
   918   960
   918  1024
   918  1040
   918  1280
   918  1296
   918  1312
   918  1328
   918  1344
   928   256
   928   272
   928   288
   928   320
   928   336
   928   368
   928   896
   928   912
   928   928
   928   960
   928   976
   928  1008
   928  1024
   928  1040
   928  1072
   928  1280
   928  1296
   928  1312
   928  1344
   928  1360
   928  1392
   934   264
   934   280
   934   296
   934   328
   934   344
   934   360
   934   376
   934   904
   934   920
   934   936
   934   968
   934   984
   934  1000
   934  1016
   934  1032
   934  1048
   934  1064
   934  1080
   934  1288
   934  1304
   934  1320
   934  1352
   934  1368
   934  1384
   934  1400
   944   280
   944   296
   944   344
   944   360
   944   376
   944   920
   944   936
   944   984
   944  1000
   944  1016
   944  1048
   944  1064
   944  1080
   944  1304
   944  1320
   944  1368
   944  1384
   944  1400
   950   288
   950   352
   950   368
   950   928
   950   992
   950  1008
   950  1056
   950  1072
   950  1312
   950  1376
   950  1392
   960   352
   960   368
   960  1008
   960  1056
   960  1072
   960  1376
   960  1392
   966   344
   966   360
   966   376
   966  1016
   966  1048
   966  1064
   966  1080
   966  1368
   966  1384
   966  1400
   976   328
   976   344
   976   360
   976   376
   976  1000
   976  1016
   976  1032
   976  1048
   976  1064
   976  1080
   976  1352
   976  1368
   976  1384
   976  1400
   982   320
   982   336
   982   368
   982   992
   982  1008
   982  1024
   982  1040
   982  1072
   982  1344
   982  1360
   982  1392
   992   320
   992   336
   992   992
   992  1008
   992  1024
   992  1344
   992  1360
   998   328
   998   344
   998  1000
   998  1016
   998  1032
   998  1352
   998  1368
  1008   344
  1008  1016
  1008  1032
  1008  1368
  1014   336
  1014  1024
  1014  1360
  1024   336
  1024  1024
  1024  1360
  1030   344
  1030  1016
  1030  1032
  1030  1368
  1040   328
  1040   344
  1040  1000
  1040  1016
  1040  1032
  1040  1352
  1040  1368
  1046   320
  1046   336
  1046   992
  1046  1008
  1046  1024
  1046  1344
  1046  1360
  1056   320
  1056   336
  1056   368
  1056   992
  1056  1008
  1056  1024
  1056  1040
  1056  1072
  1056  1344
  1056  1360
  1056  1392
  1062   328
  1062   344
  1062   360
  1062   376
  1062  1000
  1062  1016
  1062  1032
  1062  1048
  1062  1064
  1062  1080
  1062  1352
  1062  1368
  1062  1384
  1062  1400
  1072   344
  1072   360
  1072   376
  1072  1016
  1072  1048
  1072  1064
  1072  1080
  1072  1368
  1072  1384
  1072  1400
  1078   352
  1078   368
  1078  1008
  1078  1056
  1078  1072
  1078  1376
  1078  1392
  1088   288
  1088   352
  1088   368
  1088   928
  1088   992
  1088  1008
  1088  1056
  1088  1072
  1088  1312
  1088  1376
  1088  1392
  1094   280
  1094   296
  1094   344
  1094   360
  1094   376
  1094   920
  1094   936
  1094   984
  1094  1000
  1094  1016
  1094  1048
  1094  1064
  1094  1080
  1094  1304
  1094  1320
  1094  1368
  1094  1384
  1094  1400
  1104   264
  1104   280
  1104   296
  1104   328
  1104   344
  1104   360
  1104   376
  1104   904
  1104   920
  1104   936
  1104   968
  1104   984
  1104  1000
  1104  1016
  1104  1032
  1104  1048
  1104  1064
  1104  1080
  1104  1288
  1104  1304
  1104  1320
  1104  1352
  1104  1368
  1104  1384
  1104  1400
  1110   256
  1110   272
  1110   288
  1110   320
  1110   336
  1110   368
  1110   896
  1110   912
  1110   928
  1110   960
  1110   976
  1110  1008
  1110  1024
  1110  1040
  1110  1072
  1110  1280
  1110  1296
  1110  1312
  1110  1344
  1110  1360
  1110  1392
  1120   256
  1120   272
  1120   288
  1120   304
  1120   320
  1120   896
  1120   912
  1120   928
  1120   944
  1120   960
  1120  1024
  1120  1040
  1120  1280
  1120  1296
  1120  1312
  1120  1328
  1120  1344
  1126   264
  1126   280
  1126   296
  1126   312
  1126   328
  1126   904
  1126   920
  1126   936
  1126   952
  1126   968
  1126  1032
  1126  1048
  1126  1288
  1126  1304
  1126  1320
  1126  1336
  1126  1352
  1136   280
  1136   312
  1136   328
  1136   920
  1136   952
  1136   968
  1136  1048
  1136  1304
  1136  1336
  1136  1352
  1142   272
  1142   320
  1142   912
  1142   960
  1142  1040
  1142  1296
  1142  1344
  1152   272
  1152   320
  1152   448
  1152   912
  1152   960
  1152  1040
  1152  1088
  1152  1216
  1152  1296
  1152  1344
  1152  1472
  1158   280
  1158   312
  1158   328
  1158   440
  1158   456
  1158   920
  1158   952
  1158   968
  1158  1048
  1158  1080
  1158  1096
  1158  1208
  1158  1224
  1158  1304
  1158  1336
  1158  1352
  1158  1464
  1158  1480
  1168   264
  1168   280
  1168   296
  1168   312
  1168   328
  1168   424
  1168   440
  1168   456
  1168   904
  1168   920
  1168   936
  1168   952
  1168   968
  1168  1032
  1168  1048
  1168  1064
  1168  1080
  1168  1096
  1168  1192
  1168  1208
  1168  1224
  1168  1288
  1168  1304
  1168  1320
  1168  1336
  1168  1352
  1168  1448
  1168  1464
  1168  1480
  1174   256
  1174   272
  1174   288
  1174   304
  1174   320
  1174   416
  1174   432
  1174   448
  1174   896
  1174   912
  1174   928
  1174   944
  1174   960
  1174  1024
  1174  1040
  1174  1056
  1174  1072
  1174  1088
  1174  1184
  1174  1200
  1174  1216
  1174  1280
  1174  1296
  1174  1312
  1174  1328
  1174  1344
  1174  1440
  1174  1456
  1174  1472
  1184   256
  1184   272
  1184   288
  1184   320
  1184   336
  1184   368
  1184   416
  1184   432
  1184   448
  1184   464
  1184   496
  1184   896
  1184   912
  1184   928
  1184   960
  1184   976
  1184  1008
  1184  1024
  1184  1040
  1184  1056
  1184  1088
  1184  1104
  1184  1136
  1184  1184
  1184  1200
  1184  1216
  1184  1232
  1184  1264
  1184  1280
  1184  1296
  1184  1312
  1184  1344
  1184  1360
  1184  1392
  1184  1440
  1184  1456
  1184  1472
  1184  1488
  1184  1520
  1190   264
  1190   280
  1190   296
  1190   328
  1190   344
  1190   360
  1190   376
  1190   424
  1190   440
  1190   456
  1190   472
  1190   488
  1190   504
  1190   904
  1190   920
  1190   936
  1190   968
  1190   984
  1190  1000
  1190  1016
  1190  1032
  1190  1048
  1190  1064
  1190  1096
  1190  1112
  1190  1128
  1190  1144
  1190  1192
  1190  1208
  1190  1224
  1190  1240
  1190  1256
  1190  1272
  1190  1288
  1190  1304
  1190  1320
  1190  1352
  1190  1368
  1190  1384
  1190  1400
  1190  1448
  1190  1464
  1190  1480
  1190  1496
  1190  1512
  1190  1528
  1200   280
  1200   296
  1200   344
  1200   360
  1200   376
  1200   440
  1200   472
  1200   488
  1200   504
  1200   920
  1200   936
  1200   984
  1200  1000
  1200  1016
  1200  1048
  1200  1064
  1200  1112
  1200  1128
  1200  1144
  1200  1208
  1200  1240
  1200  1256
  1200  1272
  1200  1304
  1200  1320
  1200  1368
  1200  1384
  1200  1400
  1200  1464
  1200  1496
  1200  1512
  1200  1528
  1206   288
  1206   352
  1206   368
  1206   432
  1206   480
  1206   496
  1206   928
  1206   992
  1206  1008
  1206  1056
  1206  1120
  1206  1136
  1206  1200
  1206  1248
  1206  1264
  1206  1312
  1206  1376
  1206  1392
  1206  1456
  1206  1504
  1206  1520
  1216   368
  1216   416
  1216   432
  1216   480
  1216   496
  1216   992
  1216  1008
  1216  1136
  1216  1184
  1216  1200
  1216  1248
  1216  1264
  1216  1392
  1216  1440
  1216  1456
  1216  1504
  1216  1520
  1222   376
  1222   408
  1222   424
  1222   440
  1222   472
  1222   488
  1222   504
  1222   984
  1222  1000
  1222  1016
  1222  1144
  1222  1176
  1222  1192
  1222  1208
  1222  1240
  1222  1256
  1222  1272
  1222  1400
  1222  1432
  1222  1448
  1222  1464
  1222  1496
  1222  1512
  1222  1528
  1232   360
  1232   376
  1232   392
  1232   408
  1232   424
  1232   440
  1232   456
  1232   472
  1232   488
  1232   504
  1232   968
  1232   984
  1232  1000
  1232  1016
  1232  1128
  1232  1144
  1232  1160
  1232  1176
  1232  1192
  1232  1208
  1232  1224
  1232  1240
  1232  1256
  1232  1272
  1232  1384
  1232  1400
  1232  1416
  1232  1432
  1232  1448
  1232  1464
  1232  1480
  1232  1496
  1232  1512
  1232  1528
  1238   352
  1238   368
  1238   384
  1238   400
  1238   432
  1238   448
  1238   464
  1238   496
  1238   960
  1238   976
  1238  1008
  1238  1120
  1238  1136
  1238  1152
  1238  1168
  1238  1200
  1238  1216
  1238  1232
  1238  1264
  1238  1376
  1238  1392
  1238  1408
  1238  1424
  1238  1456
  1238  1472
  1238  1488
  1238  1520
  1248   352
  1248   368
  1248   384
  1248   448
  1248   464
  1248   960
  1248   976
  1248  1120
  1248  1136
  1248  1152
  1248  1216
  1248  1232
  1248  1376
  1248  1392
  1248  1408
  1248  1472
  1248  1488
  1254   360
  1254   376
  1254   392
  1254   456
  1254   472
  1254   968
  1254   984
  1254  1128
  1254  1144
  1254  1160
  1254  1224
  1254  1240
  1254  1384
  1254  1400
  1254  1416
  1254  1480
  1254  1496
  1264   376
  1264   392
  1264   472
  1264   984
  1264  1144
  1264  1160
  1264  1240
  1264  1400
  1264  1416
  1264  1496
  1270   384
  1270   464
  1270   976
  1270  1152
  1270  1232
  1270  1408
  1270  1488
  1280   128
  1280   384
  1280   464
  1280   640
  1280   896
  1280   976
  1280  1232
  1280  1408
  1280  1488
  1286   120
  1286   136
  1286   376
  1286   392
  1286   472
  1286   632
  1286   648
  1286   888
  1286   904
  1286   984
  1286  1240
  1286  1400
  1286  1416
  1286  1496
  1296   104
  1296   120
  1296   136
  1296   360
  1296   376
  1296   392
  1296   456
  1296   472
  1296   616
  1296   632
  1296   648
  1296   872
  1296   888
  1296   904
  1296   968
  1296   984
  1296  1224
  1296  1240
  1296  1384
  1296  1400
  1296  1416
  1296  1480
  1296  1496
  1302    96
  1302   112
  1302   128
  1302   352
  1302   368
  1302   384
  1302   448
  1302   464
  1302   608
  1302   624
  1302   640
  1302   864
  1302   880
  1302   896
  1302   960
  1302   976
  1302  1216
  1302  1232
  1302  1376
  1302  1392
  1302  1408
  1302  1472
  1302  1488
  1312    96
  1312   112
  1312   128
  1312   144
  1312   176
  1312   352
  1312   368
  1312   384
  1312   400
  1312   432
  1312   448
  1312   464
  1312   496
  1312   608
  1312   624
  1312   640
  1312   656
  1312   688
  1312   864
  1312   880
  1312   896
  1312   912
  1312   944
  1312   960
  1312   976
  1312  1008
  1312  1216
  1312  1232
  1312  1264
  1312  1376
  1312  1392
  1312  1408
  1312  1424
  1312  1456
  1312  1472
  1312  1488
  1312  1520
  1318   104
  1318   120
  1318   136
  1318   152
  1318   168
  1318   184
  1318   360
  1318   376
  1318   392
  1318   408
  1318   424
  1318   440
  1318   456
  1318   472
  1318   488
  1318   504
  1318   616
  1318   632
  1318   648
  1318   664
  1318   680
  1318   696
  1318   872
  1318   888
  1318   904
  1318   920
  1318   936
  1318   952
  1318   968
  1318   984
  1318  1000
  1318  1016
  1318  1224
  1318  1240
  1318  1256
  1318  1272
  1318  1384
  1318  1400
  1318  1416
  1318  1432
  1318  1448
  1318  1464
  1318  1480
  1318  1496
  1318  1512
  1318  1528
  1328   120
  1328   152
  1328   168
  1328   184
  1328   376
  1328   408
  1328   424
  1328   440
  1328   472
  1328   488
  1328   504
  1328   632
  1328   664
  1328   680
  1328   696
  1328   888
  1328   920
  1328   936
  1328   952
  1328   984
  1328  1000
  1328  1016
  1328  1240
  1328  1256
  1328  1272
  1328  1400
  1328  1432
  1328  1448
  1328  1464
  1328  1496
  1328  1512
  1328  1528
  1334   112
  1334   160
  1334   176
  1334   368
  1334   416
  1334   432
  1334   480
  1334   496
  1334   624
  1334   672
  1334   688
  1334   880
  1334   928
  1334   944
  1334   992
  1334  1008
  1334  1248
  1334  1264
  1334  1392
  1334  1440
  1334  1456
  1334  1504
  1334  1520
  1344    32
  1344    96
  1344   112
  1344   160
  1344   176
  1344   288
  1344   352
  1344   368
  1344   432
  1344   480
  1344   496
  1344   544
  1344   608
  1344   624
  1344   672
  1344   688
  1344   800
  1344   864
  1344   880
  1344   944
  1344   992
  1344  1008
  1344  1184
  1344  1248
  1344  1264
  1344  1312
  1344  1376
  1344  1392
  1344  1456
  1344  1504
  1344  1520
  1350    24
  1350    40
  1350    88
  1350   104
  1350   120
  1350   152
  1350   168
  1350   184
  1350   280
  1350   296
  1350   344
  1350   360
  1350   376
  1350   440
  1350   472
  1350   488
  1350   504
  1350   536
  1350   552
  1350   600
  1350   616
  1350   632
  1350   664
  1350   680
  1350   696
  1350   792
  1350   808
  1350   856
  1350   872
  1350   888
  1350   952
  1350   984
  1350  1000
  1350  1016
  1350  1176
  1350  1192
  1350  1240
  1350  1256
  1350  1272
  1350  1304
  1350  1320
  1350  1368
  1350  1384
  1350  1400
  1350  1464
  1350  1496
  1350  1512
  1350  1528
  1360     8
  1360    24
  1360    40
  1360    72
  1360    88
  1360   104
  1360   120
  1360   136
  1360   152
  1360   168
  1360   184
  1360   264
  1360   280
  1360   296
  1360   328
  1360   344
  1360   360
  1360   376
  1360   424
  1360   440
  1360   456
  1360   472
  1360   488
  1360   504
  1360   520
  1360   536
  1360   552
  1360   584
  1360   600
  1360   616
  1360   632
  1360   648
  1360   664
  1360   680
  1360   696
  1360   776
  1360   792
  1360   808
  1360   840
  1360   856
  1360   872
  1360   888
  1360   936
  1360   952
  1360   968
  1360   984
  1360  1000
  1360  1016
  1360  1160
  1360  1176
  1360  1192
  1360  1224
  1360  1240
  1360  1256
  1360  1272
  1360  1288
  1360  1304
  1360  1320
  1360  1352
  1360  1368
  1360  1384
  1360  1400
  1360  1448
  1360  1464
  1360  1480
  1360  1496
  1360  1512
  1360  1528
  1366     0
  1366    16
  1366    32
  1366    64
  1366    80
  1366   112
  1366   128
  1366   144
  1366   176
  1366   256
  1366   272
  1366   288
  1366   320
  1366   336
  1366   368
  1366   416
  1366   432
  1366   448
  1366   464
  1366   496
  1366   512
  1366   528
  1366   544
  1366   576
  1366   592
  1366   624
  1366   640
  1366   656
  1366   688
  1366   768
  1366   784
  1366   800
  1366   832
  1366   848
  1366   880
  1366   928
  1366   944
  1366   960
  1366   976
  1366  1008
  1366  1152
  1366  1168
  1366  1184
  1366  1216
  1366  1232
  1366  1264
  1366  1280
  1366  1296
  1366  1312
  1366  1344
  1366  1360
  1366  1392
  1366  1440
  1366  1456
  1366  1472
  1366  1488
  1366  1520
  1376     0
  1376    16
  1376    32
  1376    48
  1376    64
  1376   128
  1376   144
  1376   256
  1376   272
  1376   288
  1376   304
  1376   320
  1376   416
  1376   432
  1376   448
  1376   512
  1376   528
  1376   544
  1376   560
  1376   576
  1376   640
  1376   656
  1376   768
  1376   784
  1376   800
  1376   816
  1376   832
  1376   928
  1376   944
  1376   960
  1376  1152
  1376  1168
  1376  1184
  1376  1200
  1376  1216
  1376  1280
  1376  1296
  1376  1312
  1376  1328
  1376  1344
  1376  1440
  1376  1456
  1376  1472
  1382     8
  1382    24
  1382    40
  1382    56
  1382    72
  1382   136
  1382   152
  1382   264
  1382   280
  1382   296
  1382   312
  1382   328
  1382   424
  1382   440
  1382   456
  1382   520
  1382   536
  1382   552
  1382   568
  1382   584
  1382   648
  1382   664
  1382   776
  1382   792
  1382   808
  1382   824
  1382   840
  1382   936
  1382   952
  1382   968
  1382  1160
  1382  1176
  1382  1192
  1382  1208
  1382  1224
  1382  1288
  1382  1304
  1382  1320
  1382  1336
  1382  1352
  1382  1448
  1382  1464
  1382  1480
  1392    24
  1392    56
  1392    72
  1392   152
  1392   280
  1392   312
  1392   328
  1392   440
  1392   456
  1392   536
  1392   568
  1392   584
  1392   664
  1392   792
  1392   824
  1392   840
  1392   952
  1392   968
  1392  1176
  1392  1208
  1392  1224
  1392  1304
  1392  1336
  1392  1352
  1392  1464
  1392  1480
  1398    16
  1398    64
  1398   144
  1398   272
  1398   320
  1398   448
  1398   528
  1398   576
  1398   656
  1398   784
  1398   832
  1398   960
  1398  1168
  1398  1216
  1398  1296
  1398  1344
  1398  1472
  1408    16
  1408    64
  1408   144
  1408   192
  1408   272
  1408   528
  1408   576
  1408   656
  1408   704
  1408   784
  1408  1168
  1408  1216
  1408  1296
  1414    24
  1414    56
  1414    72
  1414   152
  1414   184
  1414   200
  1414   280
  1414   536
  1414   568
  1414   584
  1414   664
  1414   696
  1414   712
  1414   792
  1414  1176
  1414  1208
  1414  1224
  1414  1304
  1424     8
  1424    24
  1424    40
  1424    56
  1424    72
  1424   136
  1424   152
  1424   168
  1424   184
  1424   200
  1424   264
  1424   280
  1424   520
  1424   536
  1424   552
  1424   568
  1424   584
  1424   648
  1424   664
  1424   680
  1424   696
  1424   712
  1424   776
  1424   792
  1424  1160
  1424  1176
  1424  1192
  1424  1208
  1424  1224
  1424  1288
  1424  1304
  1430     0
  1430    16
  1430    32
  1430    48
  1430    64
  1430   128
  1430   144
  1430   160
  1430   176
  1430   192
  1430   256
  1430   272
  1430   512
  1430   528
  1430   544
  1430   560
  1430   576
  1430   640
  1430   656
  1430   672
  1430   688
  1430   704
  1430   768
  1430   784
  1430  1152
  1430  1168
  1430  1184
  1430  1200
  1430  1216
  1430  1280
  1430  1296
  1440     0
  1440    16
  1440    32
  1440    64
  1440    80
  1440   112
  1440   128
  1440   144
  1440   160
  1440   192
  1440   208
  1440   240
  1440   256
  1440   272
  1440   304
  1440   512
  1440   528
  1440   544
  1440   576
  1440   592
  1440   624
  1440   640
  1440   656
  1440   672
  1440   704
  1440   720
  1440   752
  1440   768
  1440   784
  1440   816
  1440  1152
  1440  1168
  1440  1184
  1440  1216
  1440  1232
  1440  1264
  1440  1280
  1440  1296
  1440  1328
  1446     8
  1446    24
  1446    40
  1446    72
  1446    88
  1446   104
  1446   120
  1446   136
  1446   152
  1446   168
  1446   200
  1446   216
  1446   232
  1446   248
  1446   264
  1446   280
  1446   296
  1446   312
  1446   520
  1446   536
  1446   552
  1446   584
  1446   600
  1446   616
  1446   632
  1446   648
  1446   664
  1446   680
  1446   712
  1446   728
  1446   744
  1446   760
  1446   776
  1446   792
  1446   808
  1446   824
  1446  1160
  1446  1176
  1446  1192
  1446  1224
  1446  1240
  1446  1256
  1446  1272
  1446  1288
  1446  1304
  1446  1320
  1446  1336
  1456    24
  1456    40
  1456    88
  1456   104
  1456   120
  1456   152
  1456   168
  1456   216
  1456   232
  1456   248
  1456   280
  1456   296
  1456   312
  1456   536
  1456   552
  1456   600
  1456   616
  1456   632
  1456   664
  1456   680
  1456   728
  1456   744
  1456   760
  1456   792
  1456   808
  1456   824
  1456  1176
  1456  1192
  1456  1240
  1456  1256
  1456  1272
  1456  1304
  1456  1320
  1456  1336
  1462    32
  1462    96
  1462   112
  1462   160
  1462   224
  1462   240
  1462   288
  1462   304
  1462   544
  1462   608
  1462   624
  1462   672
  1462   736
  1462   752
  1462   800
  1462   816
  1462  1184
  1462  1248
  1462  1264
  1462  1312
  1462  1328
  1472    96
  1472   112
  1472   240
  1472   288
  1472   304
  1472   608
  1472   624
  1472   752
  1472   800
  1472   816
  1472  1264
  1472  1312
  1472  1328
  1478    88
  1478   104
  1478   120
  1478   248
  1478   280
  1478   296
  1478   312
  1478   600
  1478   616
  1478   632
  1478   760
  1478   792
  1478   808
  1478   824
  1478  1272
  1478  1304
  1478  1320
  1478  1336
  1488    72
  1488    88
  1488   104
  1488   120
  1488   232
  1488   248
  1488   264
  1488   280
  1488   296
  1488   312
  1488   584
  1488   600
  1488   616
  1488   632
  1488   744
  1488   760
  1488   776
  1488   792
  1488   808
  1488   824
  1488  1256
  1488  1272
  1488  1288
  1488  1304
  1488  1320
  1488  1336
  1494    64
  1494    80
  1494   112
  1494   224
  1494   240
  1494   256
  1494   272
  1494   304
  1494   576
  1494   592
  1494   624
  1494   736
  1494   752
  1494   768
  1494   784
  1494   816
  1494  1248
  1494  1264
  1494  1280
  1494  1296
  1494  1328
  1504    64
  1504    80
  1504   224
  1504   240
  1504   256
  1504   576
  1504   592
  1504   736
  1504   752
  1504   768
  1504  1248
  1504  1264
  1504  1280
  1510    72
  1510    88
  1510   232
  1510   248
  1510   264
  1510   584
  1510   600
  1510   744
  1510   760
  1510   776
  1510  1256
  1510  1272
  1510  1288
  1520    88
  1520   248
  1520   264
  1520   600
  1520   760
  1520   776
  1520  1272
  1520  1288
  1526    80
  1526   256
  1526   592
  1526   768
  1526  1280
  1536    80
  1536   256
  1536   592
  1542    88
  1542   248
  1542   264
  1542   600
  1552    72
  1552    88
  1552   232
  1552   248
  1552   264
  1552   584
  1552   600
  1558    64
  1558    80
  1558   224
  1558   240
  1558   256
  1558   576
  1558   592
  1568    64
  1568    80
  1568   112
  1568   224
  1568   240
  1568   256
  1568   272
  1568   304
  1568   576
  1568   592
  1568   624
  1574    72
  1574    88
  1574   104
  1574   120
  1574   232
  1574   248
  1574   264
  1574   280
  1574   296
  1574   312
  1574   584
  1574   600
  1574   616
  1574   632
  1584    88
  1584   104
  1584   120
  1584   248
  1584   280
  1584   296
  1584   312
  1584   600
  1584   616
  1584   632
  1590    96
  1590   112
  1590   240
  1590   288
  1590   304
  1590   608
  1590   624
  1600    32
  1600    96
  1600   112
  1600   160
  1600   224
  1600   240
  1600   288
  1600   304
  1600   544
  1600   608
  1600   624
  1606    24
  1606    40
  1606    88
  1606   104
  1606   120
  1606   152
  1606   168
  1606   216
  1606   232
  1606   248
  1606   280
  1606   296
  1606   312
  1606   536
  1606   552
  1606   600
  1606   616
  1606   632
  1616     8
  1616    24
  1616    40
  1616    72
  1616    88
  1616   104
  1616   120
  1616   136
  1616   152
  1616   168
  1616   200
  1616   216
  1616   232
  1616   248
  1616   264
  1616   280
  1616   296
  1616   312
  1616   520
  1616   536
  1616   552
  1616   584
  1616   600
  1616   616
  1616   632
  1622     0
  1622    16
  1622    32
  1622    64
  1622    80
  1622   112
  1622   128
  1622   144
  1622   160
  1622   192
  1622   208
  1622   240
  1622   256
  1622   272
  1622   304
  1622   512
  1622   528
  1622   544
  1622   576
  1622   592
  1622   624
  1632     0
  1632    16
  1632    32
  1632    48
  1632    64
  1632   128
  1632   144
  1632   160
  1632   176
  1632   192
  1632   256
  1632   272
  1632   512
  1632   528
  1632   544
  1632   560
  1632   576
  1638     8
  1638    24
  1638    40
  1638    56
  1638    72
  1638   136
  1638   152
  1638   168
  1638   184
  1638   200
  1638   264
  1638   280
  1638   520
  1638   536
  1638   552
  1638   568
  1638   584
  1648    24
  1648    56
  1648    72
  1648   152
  1648   184
  1648   200
  1648   280
  1648   536
  1648   568
  1648   584
  1654    16
  1654    64
  1654   144
  1654   192
  1654   272
  1654   528
  1654   576
  1664    16
  1664    64
  1664   144
  1664   272
  1664   320
  1664   448
  1664   528
  1664   576
  1664   704
  1670    24
  1670    56
  1670    72
  1670   152
  1670   280
  1670   312
  1670   328
  1670   440
  1670   456
  1670   536
  1670   568
  1670   584
  1670   696
  1670   712
  1680     8
  1680    24
  1680    40
  1680    56
  1680    72
  1680   136
  1680   152
  1680   264
  1680   280
  1680   296
  1680   312
  1680   328
  1680   424
  1680   440
  1680   456
  1680   520
  1680   536
  1680   552
  1680   568
  1680   584
  1680   680
  1680   696
  1680   712
  1686     0
  1686    16
  1686    32
  1686    48
  1686    64
  1686   128
  1686   144
  1686   256
  1686   272
  1686   288
  1686   304
  1686   320
  1686   416
  1686   432
  1686   448
  1686   512
  1686   528
  1686   544
  1686   560
  1686   576
  1686   672
  1686   688
  1686   704
  1696     0
  1696    16
  1696    32
  1696    64
  1696    80
  1696   112
  1696   128
  1696   144
  1696   176
  1696   256
  1696   272
  1696   288
  1696   320
  1696   336
  1696   368
  1696   416
  1696   432
  1696   448
  1696   464
  1696   496
  1696   512
  1696   528
  1696   544
  1696   576
  1696   592
  1696   624
  1696   672
  1696   688
  1696   704
  1696   720
  1696   752
  1702     8
  1702    24
  1702    40
  1702    72
  1702    88
  1702   104
  1702   120
  1702   136
  1702   152
  1702   168
  1702   184
  1702   264
  1702   280
  1702   296
  1702   328
  1702   344
  1702   360
  1702   376
  1702   424
  1702   440
  1702   456
  1702   472
  1702   488
  1702   504
  1702   520
  1702   536
  1702   552
  1702   584
  1702   600
  1702   616
  1702   632
  1702   680
  1702   696
  1702   712
  1702   728
  1702   744
  1702   760
  1712    24
  1712    40
  1712    88
  1712   104
  1712   120
  1712   152
  1712   168
  1712   184
  1712   280
  1712   296
  1712   344
  1712   360
  1712   376
  1712   440
  1712   472
  1712   488
  1712   504
  1712   536
  1712   552
  1712   600
  1712   616
  1712   632
  1712   696
  1712   728
  1712   744
  1712   760
  1718    32
  1718    96
  1718   112
  1718   160
  1718   176
  1718   288
  1718   352
  1718   368
  1718   432
  1718   480
  1718   496
  1718   544
  1718   608
  1718   624
  1718   688
  1718   736
  1718   752
  1728   112
  1728   160
  1728   176
  1728   368
  1728   416
  1728   432
  1728   480
  1728   496
  1728   624
  1728   672
  1728   688
  1728   736
  1728   752
  1734   120
  1734   152
  1734   168
  1734   184
  1734   376
  1734   408
  1734   424
  1734   440
  1734   472
  1734   488
  1734   504
  1734   632
  1734   664
  1734   680
  1734   696
  1734   728
  1734   744
  1734   760
  1744   104
  1744   120
  1744   136
  1744   152
  1744   168
  1744   184
  1744   360
  1744   376
  1744   392
  1744   408
  1744   424
  1744   440
  1744   456
  1744   472
  1744   488
  1744   504
  1744   616
  1744   632
  1744   648
  1744   664
  1744   680
  1744   696
  1744   712
  1744   728
  1744   744
  1744   760
  1750    96
  1750   112
  1750   128
  1750   144
  1750   176
  1750   352
  1750   368
  1750   384
  1750   400
  1750   432
  1750   448
  1750   464
  1750   496
  1750   608
  1750   624
  1750   640
  1750   656
  1750   688
  1750   704
  1750   720
  1750   752
  1760    96
  1760   112
  1760   128
  1760   352
  1760   368
  1760   384
  1760   448
  1760   464
  1760   608
  1760   624
  1760   640
  1760   704
  1760   720
  1766   104
  1766   120
  1766   136
  1766   360
  1766   376
  1766   392
  1766   456
  1766   472
  1766   616
  1766   632
  1766   648
  1766   712
  1766   728
  1776   120
  1776   136
  1776   376
  1776   392
  1776   472
  1776   632
  1776   648
  1776   728
  1782   128
  1782   384
  1782   464
  1782   640
  1782   720
  1792   464
  1792   640
  1792   720
  1798   472
  1798   632
  1798   648
  1798   728
  1808   456
  1808   472
  1808   616
  1808   632
  1808   648
  1808   712
  1808   728
  1814   448
  1814   464
  1814   608
  1814   624
  1814   640
  1814   704
  1814   720
  1824   448
  1824   464
  1824   496
  1824   608
  1824   624
  1824   640
  1824   656
  1824   688
  1824   704
  1824   720
  1824   752
  1830   456
  1830   472
  1830   488
  1830   504
  1830   616
  1830   632
  1830   648
  1830   664
  1830   680
  1830   696
  1830   712
  1830   728
  1830   744
  1830   760
  1840   472
  1840   488
  1840   504
  1840   632
  1840   664
  1840   680
  1840   696
  1840   728
  1840   744
  1840   760
  1846   480
  1846   496
  1846   624
  1846   672
  1846   688
  1846   736
  1846   752
  1856   416
  1856   480
  1856   496
  1856   544
  1856   608
  1856   624
  1856   688
  1856   736
  1856   752
  1862   408
  1862   424
  1862   472
  1862   488
  1862   504
  1862   536
  1862   552
  1862   600
  1862   616
  1862   632
  1862   696
  1862   728
  1862   744
  1862   760
  1872   392
  1872   408
  1872   424
  1872   456
  1872   472
  1872   488
  1872   504
  1872   520
  1872   536
  1872   552
  1872   584
  1872   600
  1872   616
  1872   632
  1872   680
  1872   696
  1872   712
  1872   728
  1872   744
  1872   760
  1878   384
  1878   400
  1878   416
  1878   448
  1878   464
  1878   496
  1878   512
  1878   528
  1878   544
  1878   576
  1878   592
  1878   624
  1878   672
  1878   688
  1878   704
  1878   720
  1878   752
  1888   384
  1888   400
  1888   416
  1888   432
  1888   448
  1888   512
  1888   528
  1888   544
  1888   560
  1888   576
  1888   672
  1888   688
  1888   704
  1894   392
  1894   408
  1894   424
  1894   440
  1894   456
  1894   520
  1894   536
  1894   552
  1894   568
  1894   584
  1894   680
  1894   696
  1894   712
  1904   408
  1904   440
  1904   456
  1904   536
  1904   568
  1904   584
  1904   696
  1904   712
  1910   400
  1910   448
  1910   528
  1910   576
  1910   704
  1920   400
  1920   448
  1920   528
  1926   408
  1926   440
  1926   456
  1926   536
  1936   392
  1936   408
  1936   424
  1936   440
  1936   456
  1936   520
  1936   536
  1942   384
  1942   400
  1942   416
  1942   432
  1942   448
  1942   512
  1942   528
  1952   384
  1952   400
  1952   416
  1952   448
  1952   464
  1952   496
  1952   512
  1952   528
  1952   560
  1958   392
  1958   408
  1958   424
  1958   456
  1958   472
  1958   488
  1958   504
  1958   520
  1958   536
  1958   552
  1958   568
  1968   408
  1968   424
  1968   472
  1968   488
  1968   504
  1968   536
  1968   552
  1968   568
  1974   416
  1974   480
  1974   496
  1974   544
  1974   560
  1984   496
  1984   544
  1984   560
  1990   504
  1990   536
  1990   552
  1990   568
  2000   488
  2000   504
  2000   520
  2000   536
  2000   552
  2000   568
  2006   480
  2006   496
  2006   512
  2006   528
  2006   560
  2016   480
  2016   496
  2016   512
  2022   488
  2022   504
  2022   520
  2032   504
  2032   520
  2038   512
